318.35
696.075
764.575
897.15
777.25
838.9
1082.3
1035.025
853.675
1232.25
879.925
1487.175
1117.8
991.425
1174.125
1176.95
1481.0
1479.525
1337.325
982.2
1251.55
1648.05
1261.0
1535.0
1240.675
1556.15
1623.725
1130.875
1125.575
1502.375
1340.725
1508.625
1533.675
1571.475
1849.15
1462.075
1589.1
1425.2
1631.775
1526.875
1552.35
1596.825
1506.375
1553.05
1510.75
1386.5
1831.95
1705.775
1624.85
1439.35
1351.725
1845.725
1193.225
1396.475
1265.55
1342.75
1488.925
1164.125
1560.65
1851.55
1225.2
1406.15
1452.85
1775.775
1401.475
1246.325
1497.825
1329.55
1135.55
1338.675
1475.1
1327.775
1379.275
1282.1
1496.325
1557.575
1442.65
1131.525
1399.9
1311.75
1261.3
1266.05
1218.3
981.825
1431.675
1116.575
1309.75
1397.0
1162.275
1638.325
1737.8
1355.05
1628.9
1366.275
1393.75
1122.125
1387.6
1210.7
1183.125
1365.0
1413.925
1227.375
1573.9
1063.25
1173.85
1621.125
1168.2
1570.175
1395.45
1566.2
1231.9
1470.925
1166.325
1590.5
1645.575
1336.8
1521.1
1572.5
1141.05
1150.125
1708.5
1842.45
1354.1
1531.45
1652.95
1722.35
1432.775
1638.15
1562.175
1275.525
1719.925
1580.625
1533.0
1421.925
1311.975
1383.825
1605.125
1762.775
1380.3
1455.0
1391.875
1519.875
976.625
1562.275
1559.6
1400.925
1750.225
1516.825
1583.425
1605.025
1604.825
1694.5
1440.85
1357.525
1518.175
1726.75
1540.775
1388.55
1667.875
1383.075
1542.825
1616.0
1318.125
1863.975
1666.975
1479.45
1417.725
1694.65
2169.55
1240.2
1629.975
1373.875
1795.4
1635.825
1634.15
1782.05
1646.45
1696.85
1850.275
1467.3
